$ANSIBLE_VAULT;1.1;AES256
61366436633862353036653964636134623138653136363435353165323961383265393965383538
3362623333393830353062653763663037623632343137660a313230343030303335653639306661
30356166303237316163626638646665666439313263376564656265353661623836643464333030
6532323330353036350a616463363166653666356163663232343635653039353336356162373839
35653965613230346662343233306235623139663032343364663063613161313937643733623739
65323332643462663462663064656531313566616165396665323032323533323061346236643764
31636531383235306337343833373339663262386266666639326136643365363565363039623238
66633365386230306138616431326437643736663436346634376335633065373637333532396139
31623230393761373031326433633536343937616461666561356465326235646435633262323431
64623630313933313564313334393237343531326636333061366133303937636435313536336464
34333439663435313531376131356363376436333834333365383835373635626533316632316534
34306231653235653036386339643062383933353831303330643364636333663663346466386334
35633366613337316330636536626566336630316633376636633461383662653938613664666338
63643264636632616465393534643235373237613864316136623661383665396261323161643939
39623035333937306131663265363639343732633463663665333866656339646639353832613838
31356161626563323462343431663063653036316530393465663438343332653330303364646439
34653461396238616236393131373638353561633830656131303933666130313036333762363863
35616539336430346362326336623363663366393038643764663365306164623639666661613137
63366636343265633236386262343231616532653333666131613936633734633537356230653730
33313564343365316464386539323862653264333261643866373162626165623137383465373366
6537
